start=797.985652
ab-loop-a=2000.730063
