start=108.960000
audio-delay=-0.200000
fullscreen=yes
